query,truth,predict,q-error,element_freq
"[184507, 19606, 254921]",654.000000,2168.319336,3.315473,"[67, 260, 10]"
"[122166, 197971, 57504]",608.000000,1567.437378,2.578022,"[17, 8, 244]"
"[297673, 96832]",167.000000,852.362793,5.103969,"[2, 110]"
"[131252, 86078]",581.000000,1623.128540,2.793681,"[122, 156]"
"[331253, 4034]",4519.000000,2384.057373,1.895508,"[5, 306]"
"[105589, 5900]",3188.000000,1243.010986,2.564740,"[55, 127]"
"[118784, 29577, 32010]",899.000000,1978.905640,2.201230,"[239, 64, 204]"
"[41487, 56145]",771.000000,2452.099854,3.180415,"[317, 78]"
"[572298, 79504, 92554]",182.000000,155.940933,1.167109,"[2, 31, 18]"
"[136442, 137586, 151390, 5564]",3410.000000,2245.645996,1.518494,"[65, 118, 6, 335]"
"[45152, 56687, 8606]",6198.000000,1474.479736,4.203517,"[180, 136, 103]"
"[102585, 259409, 53583]",222.000000,392.950867,1.770049,"[32, 7, 67]"
"[18862, 30912]",1349.000000,2592.495605,1.921791,"[332, 317]"
"[173654, 4450]",6112.000000,1566.409546,3.901917,"[14, 166]"
"[152033, 305559]",343.000000,70.838020,4.842033,"[24, 9]"
"[12061, 14451, 20245]",1740.000000,2542.476074,1.461193,"[364, 59, 228]"
"[276748, 381602]",10.000000,49.802101,4.980210,"[7, 3]"
"[128055, 66204]",185.000000,511.816132,2.766574,"[37, 53]"
"[187791, 388985, 850469, 93799]",168.000000,416274.000000,2477.821429,"[18, 2, 0, 55]"
"[250213, 95642]",270.000000,488.268890,1.808403,"[51, 58]"
"[194834, 9834]",2175.000000,1626.079224,1.337573,"[20, 190]"
"[411777, 627898]",11.000000,51.526649,4.684241,"[11, 2]"
"[253346, 352701]",93.000000,215.316818,2.315235,"[50, 6]"
"[224073, 373492]",91.000000,155.314758,1.706756,"[39, 8]"
"[13147, 231356, 317283, 331041]",537.000000,1229.560791,2.289685,"[169, 5, 12, 6]"
"[20166, 284261, 284262]",716.000000,1753.563477,2.449111,"[311, 3, 3]"
"[221703, 87173]",132.000000,254.453476,1.927678,"[2, 68]"
"[101414, 75765]",303.000000,1284.902222,4.240601,"[87, 95]"
"[438934, 54101]",299.000000,1047.421265,3.503081,"[8, 145]"
"[229876, 281975]",105.000000,86.728584,1.210674,"[31, 2]"
"[12815, 133314, 41637]",703.000000,2267.588379,3.225588,"[130, 26, 291]"
"[21091, 303962, 5708]",5370.000000,1460.061646,3.677927,"[15, 3, 217]"
"[109507, 381341, 7776]",2452.000000,2471.979004,1.008148,"[46, 4, 333]"
"[114927, 552163]",74.000000,309.210144,4.178515,"[55, 2]"
"[641749, 784755]",144.000000,86450.937500,600.353733,"[3, 0]"
"[122459, 410370, 410372, 51807]",532.000000,1620.061646,3.045229,"[180, 21, 109, 250]"
"[15936, 22208, 28075, 288042]",1427.000000,1891.491699,1.325502,"[277, 172, 73, 14]"
"[17253, 8119]",3629.000000,1678.563721,2.161967,"[175, 207]"
"[1993, 28122]",9927.000000,2335.193848,4.251039,"[268, 52]"
"[127113, 33585]",673.000000,2545.555908,3.782401,"[56, 380]"
"[155374, 200643, 26764]",211.000000,281.098846,1.332222,"[33, 2, 46]"
"[252910, 68844]",451.000000,1872.501343,4.151888,"[19, 276]"
"[354898, 354899]",10.000000,50.995499,5.099550,"[7, 2]"
"[101661, 82355]",421.000000,1498.020874,3.558244,"[138, 167]"
"[21353, 40773, 68256, 8283]",2927.000000,1311.868164,2.231169,"[9, 6, 149, 146]"
"[135462, 40825, 48168]",435.000000,1332.392090,3.062970,"[23, 125, 70]"
"[270096, 422450, 69115]",338.000000,621.087830,1.837538,"[3, 13, 89]"
"[15273, 251502]",716.000000,1792.420410,2.503380,"[238, 10]"
"[33214, 45633]",825.000000,2074.770264,2.514873,"[217, 216]"
"[151105, 781560]",31.000000,126497.570312,4080.566784,"[8, 0]"
"[213480, 220544]",151.000000,296.140289,1.961194,"[2, 68]"
"[128226, 181576, 43965]",532.000000,2398.319580,4.508120,"[9, 5, 324]"
"[446676, 668648]",17.000000,52.210472,3.071204,"[4, 1]"
"[200310, 333705, 87568]",144.000000,300.842133,2.089181,"[12, 11, 51]"
"[42526, 64197]",672.000000,1599.851318,2.380731,"[7, 204]"
"[221622, 49879]",458.000000,2635.172607,5.753652,"[137, 332]"
"[83877, 9620]",2719.000000,2212.432129,1.228964,"[250, 81]"
"[173528, 51485, 51834, 70146]",531.000000,763.660400,1.438155,"[2, 56, 57, 73]"
"[279649, 6202]",3111.000000,1032.264526,3.013762,"[7, 117]"
"[16641, 44036, 45197]",1173.000000,3087.897949,2.632479,"[334, 384, 317]"
"[135822, 39103, 52649]",1132.000000,2688.296631,2.374820,"[50, 368, 168]"
"[16792, 4647, 51680]",3227.000000,2560.760986,1.260172,"[184, 149, 330]"
"[21258, 214707]",642.000000,2085.712158,3.248773,"[316, 11]"
"[113187, 160345, 53156, 56624]",977.000000,2731.512939,2.795817,"[79, 22, 161, 323]"
"[195306, 759859, 807447]",162.000000,290540.125000,1793.457562,"[14, 3, 0]"
"[458227, 458228, 605372, 87276]",157.000000,54.687347,2.870865,"[11, 8, 3, 11]"
"[212953, 7018]",3321.000000,162.472458,20.440388,"[1, 49]"
"[208442, 281009, 303355]",110.000000,249.620728,2.269279,"[37, 16, 24]"
"[106224, 22872, 3575]",5312.000000,1268.903198,4.186293,"[23, 132, 131]"
"[172736, 46658]",131.000000,68.304085,1.917894,"[3, 31]"
"[28443, 78596]",602.000000,1724.389771,2.864435,"[125, 162]"
"[501866, 71453]",200.000000,888.344299,4.441721,"[5, 96]"
"[14349, 149370, 5363]",4972.000000,2364.484375,2.102784,"[269, 6, 367]"
"[1014, 39539, 41095]",8237.000000,2443.718994,3.370682,"[362, 124, 29]"
"[217069, 27343, 40008, 9148]",2669.000000,1615.457153,1.652164,"[18, 24, 166, 185]"
"[17039, 19674]",629.000000,766.224976,1.218164,"[98, 20]"
"[16947, 65129]",644.000000,1342.315796,2.084341,"[134, 80]"
"[18089, 67709]",871.000000,3062.978271,3.516623,"[190, 357]"
"[17568, 4062, 48938]",4219.000000,398.159668,10.596252,"[57, 35, 20]"
"[108159, 181687, 847618]",214.000000,402092.750000,1878.938084,"[114, 2, 0]"
"[179974, 39710]",188.000000,198.671967,1.056766,"[19, 45]"
"[20154, 227187, 245534, 328609]",381.000000,254.682098,1.495983,"[48, 16, 9, 5]"
"[580661, 83909, 92939]",613.000000,2375.682617,3.875502,"[21, 274, 243]"
"[613769, 91483]",208.000000,947.778259,4.556626,"[3, 111]"
"[14375, 155041, 20742, 64485]",1174.000000,1624.163208,1.383444,"[100, 5, 200, 108]"
"[151773, 178392, 367113, 83384]",238.000000,328.148834,1.378777,"[20, 19, 9, 53]"
"[19005, 26498, 30060, 92050]",1142.000000,1719.083130,1.505327,"[176, 20, 147, 40]"
"[117471, 33045, 39685]",427.000000,271.657135,1.571834,"[22, 11, 48]"
"[23124, 30492]",973.000000,1585.119995,1.629106,"[208, 40]"
"[172795, 19014]",648.000000,2619.964355,4.043155,"[36, 270]"
"[160577, 202128]",510.000000,53.645908,9.506783,"[3, 3]"
"[40224, 55193]",623.000000,1528.660522,2.453709,"[170, 100]"
"[205843, 547851]",29.000000,49.984077,1.723589,"[12, 10]"
"[246048, 549834]",63.000000,48.287483,1.304686,"[18, 7]"
"[145375, 19779, 372663]",793.000000,2259.600586,2.849433,"[284, 291, 2]"
"[128485, 210591]",87.000000,699.975464,8.045695,"[77, 26]"
"[162159, 23927]",297.000000,925.546936,3.116320,"[15, 118]"
"[120652, 123728]",226.000000,996.821228,4.410713,"[14, 113]"
"[18334, 9120]",3121.000000,2102.352295,1.484528,"[117, 256]"
"[13066, 47508]",798.000000,2431.208008,3.046627,"[296, 89]"
"[22014, 40318, 56572]",1194.000000,2804.814697,2.349091,"[191, 388, 10]"
"[155054, 40202]",214.000000,370.594025,1.731748,"[14, 60]"
"[328874, 37383, 43261, 754211]",397.000000,690.810059,1.740076,"[17, 44, 78, 1]"
"[160984, 75911, 83304]",587.000000,1909.630493,3.253204,"[5, 277, 54]"
"[181560, 597941]",213.000000,1524.068726,7.155252,"[13, 192]"
"[60007, 66014]",361.000000,820.834961,2.273781,"[86, 93]"
"[103041, 59981]",549.000000,1942.531738,3.538309,"[108, 230]"
"[17165, 39717]",760.000000,1505.585327,1.981033,"[218, 11]"
"[264839, 34642, 683702]",107.000000,44.503670,2.404296,"[3, 12, 1]"
"[141420, 19018, 85100]",665.000000,1408.119019,2.117472,"[61, 130, 146]"
"[132003, 19764, 26346]",765.000000,1721.020630,2.249700,"[12, 85, 204]"
"[119874, 147772, 54170, 58411]",1366.000000,3039.306152,2.224968,"[170, 246, 347, 283]"
"[22940, 262178, 89940]",495.000000,1284.487549,2.594924,"[137, 2, 128]"
"[149703, 20380, 267560]",240.000000,672.996216,2.804151,"[8, 121, 3]"
"[319426, 5043]",3641.000000,1563.062500,2.329401,"[3, 225]"
"[41618, 65514, 83908]",751.000000,2040.201904,2.716647,"[53, 204, 42]"
"[42228, 42951]",576.000000,1947.574097,3.381205,"[225, 47]"
"[173373, 5828]",3389.000000,2089.556885,1.621875,"[83, 238]"
"[133653, 13986, 73778]",676.000000,1584.175171,2.343454,"[25, 173, 107]"
"[550535, 9661]",3300.000000,1243.447510,2.653912,"[2, 169]"
"[138483, 419564]",285.000000,2249.938965,7.894523,"[278, 43]"
"[43268, 479447, 479448, 81796]",374.000000,546.117310,1.460207,"[46, 4, 1, 95]"
"[19887, 611361, 740932, 90441]",670.000000,1001.611267,1.494942,"[170, 7, 3, 196]"
"[126053, 126054, 227711]",206.000000,809.820801,3.931169,"[72, 25, 26]"
"[32160, 63689]",1128.000000,2063.691895,1.829514,"[97, 272]"
"[1039, 167016]",13499.000000,2784.572510,4.847782,"[460, 9]"
"[2256, 25417]",8920.000000,2481.447998,3.594675,"[327, 67]"
"[111254, 18843, 5956]",7851.000000,2458.678223,3.193179,"[37, 45, 310]"
"[47308, 7094]",2007.000000,915.441284,2.192385,"[51, 107]"
"[138449, 345865, 432034, 694064]",670.000000,2570.550293,3.836642,"[337, 309, 191, 2]"
"[109066, 25332]",656.000000,1862.378662,2.838992,"[133, 210]"
"[109199, 66278]",549.000000,2080.440918,3.789510,"[22, 323]"
"[132943, 377217]",529.000000,280.245636,1.887630,"[54, 16]"
"[251287, 525572, 570655]",166.000000,47.179085,3.518508,"[20, 3, 2]"
"[194919, 268944]",44.000000,59.132729,1.343926,"[8, 22]"
"[340328, 86772]",58.000000,105.508331,1.819109,"[8, 25]"
"[489906, 91192]",297.000000,952.717529,3.207803,"[5, 136]"
"[34553, 660957]",196.000000,186.725128,1.049671,"[52, 1]"
"[44641, 629836]",571.000000,50.340652,11.342721,"[9, 6]"
"[19422, 34840]",815.000000,2111.742432,2.591095,"[217, 70]"
"[32633, 93813]",414.000000,325.731537,1.270985,"[49, 42]"
"[106549, 190759]",462.000000,1939.036621,4.197049,"[242, 27]"
"[104660, 326807]",11.000000,49.731194,4.521018,"[8, 2]"
"[251004, 28595, 41065]",430.000000,469.899048,1.092788,"[5, 62, 37]"
"[203671, 25795]",387.000000,1149.988037,2.971545,"[6, 143]"
"[68482, 98523]",312.000000,295.004120,1.057612,"[70, 25]"
"[68517, 94220, 99361]",550.000000,1641.812134,2.985113,"[181, 92, 15]"
"[140037, 172230, 711126]",145.000000,465.233795,3.208509,"[62, 46, 1]"
"[215946, 80917, 80934]",327.000000,808.449524,2.472323,"[23, 135, 7]"
"[19530, 476]",71035.000000,2113.398438,33.611741,"[255, 41]"
"[123732, 53529]",333.000000,1268.945068,3.810646,"[29, 177]"
"[112009, 354285]",230.000000,1322.010254,5.747871,"[180, 2]"
"[628129, 84235]",67.000000,51.226639,1.307913,"[1, 7]"
"[161904, 21291, 6417]",4241.000000,2238.507812,1.894566,"[12, 347, 275]"
"[101626, 124981, 336217, 336218]",145.000000,425.070770,2.931523,"[26, 63, 12, 13]"
"[131385, 60780]",323.000000,1350.235718,4.180296,"[25, 180]"
"[193647, 252749, 329775, 38666]",765.000000,1413.970947,1.848328,"[34, 60, 8, 159]"
"[29234, 8153, 9197]",4951.000000,2042.422485,2.424082,"[208, 147, 120]"
"[31228, 31828, 6248]",3103.000000,2869.231934,1.081474,"[347, 269, 175]"
"[12478, 45252]",1175.000000,2969.929932,2.527600,"[409, 110]"
"[125663, 312557, 44490, 493783]",719.000000,1675.107300,2.329774,"[175, 12, 242, 4]"
"[31681, 68892]",867.000000,2489.799072,2.871741,"[320, 174]"
"[100160, 100161, 23300, 364914]",225.000000,426.801849,1.896897,"[2, 6, 83, 2]"
"[35857, 95564]",679.000000,1817.699585,2.677024,"[143, 159]"
"[101007, 130816, 225060]",246.000000,1674.613525,6.807372,"[234, 6, 12]"
"[120318, 25230, 32590, 39743]",1353.000000,2341.510498,1.730606,"[230, 35, 273, 255]"
"[130747, 408012]",46.000000,149.716293,3.254702,"[32, 8]"
"[10866, 192702, 31371, 383465]",868.000000,1496.554443,1.724141,"[263, 16, 43, 4]"
"[10385, 20832, 34882, 9129]",3509.000000,1196.775513,2.932045,"[136, 78, 4, 193]"
"[216004, 27241, 522469, 607953]",521.000000,1946.694946,3.736459,"[4, 287, 10, 2]"
"[12115, 44055]",446.000000,255.776825,1.743708,"[47, 42]"
"[13857, 199002, 58887]",1154.000000,2379.807129,2.062225,"[315, 28, 328]"
"[12290, 19558, 7937]",3525.000000,2632.306152,1.339130,"[121, 313, 89]"
"[10192, 143287]",999.000000,2524.878174,2.527406,"[374, 56]"
"[140815, 14399, 402544, 58559]",690.000000,1502.650024,2.177754,"[151, 138, 7, 24]"
"[210082, 78552]",93.000000,113.088348,1.216004,"[5, 31]"
"[1487, 195873]",13393.000000,2223.708496,6.022822,"[321, 3]"
"[113655, 236908, 236910, 263409]",62.000000,203.262039,3.278420,"[40, 4, 6, 3]"
"[18032, 64048]",457.000000,308.299347,1.482326,"[54, 52]"
"[201297, 221292, 30158]",333.000000,787.933594,2.366167,"[28, 75, 38]"
"[323860, 339807]",19.000000,49.770058,2.619477,"[5, 8]"
"[1975, 21792, 28803]",10735.000000,2822.871826,3.802865,"[334, 125, 161]"
"[127717, 135595]",36.000000,48.914795,1.358744,"[8, 19]"
"[22483, 454276, 647198]",550.000000,2347.733643,4.268607,"[372, 7, 2]"
"[175691, 27799]",722.000000,2213.672363,3.066028,"[61, 333]"
"[136267, 156556]",125.000000,866.871033,6.934968,"[86, 8]"
"[144845, 615829]",256.000000,1747.528931,6.826285,"[236, 19]"
"[59897, 9117]",3234.000000,2656.051025,1.217597,"[332, 242]"
"[146286, 271540, 51643]",366.000000,879.769470,2.403742,"[80, 5, 86]"
"[111340, 87597, 89399]",612.000000,2406.649170,3.932433,"[9, 130, 242]"
"[132742, 191704, 511903, 54704]",639.000000,1945.953247,3.045310,"[91, 60, 1, 205]"
"[68671, 8611]",3018.000000,2239.037109,1.347901,"[39, 376]"
"[121847, 626072]",46.000000,107.036430,2.326879,"[33, 1]"
"[109636, 138374, 148086, 57810]",188.000000,238.454910,1.268377,"[10, 21, 51, 12]"
"[21467, 361427]",394.000000,1056.540161,2.681574,"[147, 2]"
"[1425, 27185, 67966]",16096.000000,2281.537598,7.054891,"[284, 145, 253]"
"[125236, 33051]",307.000000,1156.422363,3.766848,"[6, 146]"
"[211021, 473726, 64791]",550.000000,2014.930542,3.663510,"[18, 6, 278]"
"[131243, 134265, 577557]",39.000000,80.822174,2.072363,"[6, 22, 1]"
"[119853, 119857]",455.000000,2337.960449,5.138375,"[149, 269]"
"[178007, 688802]",13.000000,48.691479,3.745498,"[9, 3]"
"[43726, 54732]",520.000000,2255.557129,4.337610,"[224, 254]"
"[297141, 57348, 60483, 609712]",693.000000,1439.449463,2.077128,"[2, 173, 205, 6]"
"[119162, 121480, 136830]",54.000000,123.521194,2.287430,"[18, 20, 13]"
"[26889, 453888]",200.000000,163.437042,1.223713,"[45, 1]"
"[191378, 474189, 566335]",36.000000,50.175625,1.393767,"[10, 5, 3]"
"[252113, 52559]",316.000000,1216.833374,3.850739,"[37, 120]"
"[155011, 27555, 294755, 84660]",622.000000,2174.203125,3.495503,"[64, 205, 17, 62]"
"[14292, 29707, 42257]",1209.000000,2655.105469,2.196117,"[405, 110, 27]"
"[129001, 129547]",253.000000,1331.553589,5.263058,"[16, 187]"
"[12378, 202336, 8375]",3313.000000,2137.559570,1.549898,"[44, 8, 313]"
"[120308, 460662, 460663]",74.000000,47.188026,1.568194,"[13, 2, 3]"
"[249578, 249579, 6220]",2135.000000,539.577393,3.956800,"[3, 6, 91]"
"[239726, 88210]",167.000000,438.571198,2.626175,"[10, 64]"
"[535035, 62763]",187.000000,188.265182,1.006766,"[3, 46]"
"[119385, 388616]",274.000000,1377.385864,5.026956,"[168, 11]"
"[233524, 26343, 5947]",4839.000000,2701.035156,1.791535,"[16, 319, 344]"
"[102683, 21764]",602.000000,2021.735962,3.358365,"[267, 39]"
"[109769, 204593]",202.000000,795.306152,3.937159,"[116, 2]"
"[278492, 286263]",11.000000,51.576733,4.688794,"[7, 4]"
"[65709, 77192]",577.000000,1877.492554,3.253887,"[186, 160]"
"[146424, 467265, 72126, 7652]",2936.000000,1571.691528,1.868051,"[67, 2, 92, 134]"
"[16853, 48853, 540596, 540597]",1262.000000,2487.147949,1.970799,"[414, 205, 2, 1]"
"[4145, 49143]",3208.000000,2201.173584,1.457404,"[229, 107]"
"[31816, 39283, 499924]",369.000000,501.776886,1.359829,"[52, 62, 3]"
"[15547, 211604]",218.000000,48.189396,4.523817,"[14, 5]"
"[39994, 50785, 5790]",4451.000000,2724.963867,1.633416,"[93, 136, 368]"
"[355745, 491708, 5817, 66177]",2680.000000,1906.432373,1.405767,"[3, 2, 314, 130]"
"[148015, 189876, 268646]",134.000000,230.885971,1.723030,"[14, 48, 35]"
"[49871, 56071]",740.000000,1671.222168,2.258408,"[170, 106]"
"[19525, 19562, 42320, 90771]",835.000000,406.842834,2.052390,"[19, 55, 9, 20]"
"[1046, 66923]",10370.000000,2333.213379,4.444514,"[281, 10]"
"[20109, 91601]",445.000000,1420.616089,3.192396,"[143, 15]"
"[1046, 18103, 265102]",10668.000000,2138.473633,4.988605,"[281, 117, 2]"
"[34980, 446339]",182.000000,297.735535,1.635910,"[47, 22]"
"[40800, 45974, 54191, 595195]",714.000000,1624.399414,2.275069,"[139, 41, 154, 3]"
"[106155, 106157, 27357]",508.000000,919.288696,1.809623,"[27, 3, 116]"
"[442334, 9413]",2253.000000,1506.330078,1.495688,"[2, 208]"
"[182438, 252097, 95571]",372.000000,1445.486328,3.885716,"[27, 10, 184]"
"[105133, 105135]",189.000000,919.900635,4.867199,"[76, 93]"
"[187274, 431880, 62659]",305.000000,759.406250,2.489857,"[8, 4, 114]"
"[27615, 55505]",341.000000,741.958618,2.175832,"[88, 43]"
"[46693, 46694, 46696]",496.000000,561.525330,1.132108,"[12, 72, 4]"
"[5552, 562341]",4246.000000,2048.416992,2.072820,"[350, 2]"
"[146334, 164558]",104.000000,235.704865,2.266393,"[64, 2]"
"[186849, 213076, 25325]",252.000000,486.536865,1.930702,"[33, 6, 62]"
"[277087, 28263, 35656]",604.000000,1647.542969,2.727720,"[60, 45, 169]"
"[71203, 830387]",214.000000,244831.718750,1144.073452,"[75, 0]"
"[128202, 5320]",4262.000000,2168.392090,1.965512,"[70, 284]"
"[12633, 272343, 54601]",603.000000,1297.964966,2.152512,"[145, 9, 22]"
"[147565, 20892, 242979, 277970]",558.000000,1946.370483,3.488119,"[53, 234, 5, 5]"
"[145570, 682444]",240.000000,1362.088745,5.675370,"[238, 2]"
"[18500, 94733]",385.000000,857.857117,2.228200,"[101, 64]"
"[251656, 449226]",39.000000,48.952599,1.255195,"[13, 5]"
"[33548, 39487, 406400, 98638]",507.000000,918.354248,1.811350,"[115, 29, 4, 21]"
"[19420, 245937]",450.000000,1710.076782,3.800171,"[184, 16]"
"[776204, 784871]",270.000000,49096.300781,181.838151,"[1, 0]"
"[711346, 90922]",282.000000,1040.993896,3.691468,"[1, 155]"
"[178882, 22227, 41250]",869.000000,2182.661133,2.511693,"[38, 232, 130]"
"[110582, 168612, 60423]",352.000000,1530.897095,4.349139,"[7, 23, 175]"
"[27935, 97880, 97881]",571.000000,1371.927002,2.402674,"[180, 3, 39]"
"[11909, 34412]",592.000000,1605.702515,2.712335,"[184, 75]"
"[176611, 398572]",147.000000,999.199280,6.797274,"[95, 17]"
"[11022, 15525, 203945, 537833]",1206.000000,1845.564941,1.530319,"[27, 333, 6, 4]"
"[4704, 51842, 53562]",4277.000000,2470.265869,1.731393,"[313, 94, 48]"
"[13773, 15453, 770165]",1151.000000,1797.284058,1.561498,"[97, 290, 1]"
"[191878, 42762, 60242]",620.000000,1599.027588,2.579077,"[52, 203, 86]"
"[39005, 4619, 52545, 84752]",5424.000000,1603.195557,3.383243,"[70, 85, 179, 106]"
"[25700, 89556, 93976]",604.000000,1731.728027,2.867099,"[199, 30, 49]"
"[107298, 253482, 26691]",255.000000,122.994759,2.073259,"[12, 3, 31]"
"[21414, 85480]",523.000000,517.277710,1.011062,"[72, 37]"
"[52326, 55591]",301.000000,858.008423,2.850526,"[90, 20]"
"[135234, 589214]",110.000000,87.239746,1.260893,"[31, 1]"
"[123946, 227583, 34577]",930.000000,1305.812134,1.404099,"[41, 10, 190]"
"[10331, 175207, 90515]",387.000000,249.177048,1.553113,"[25, 50, 7]"
"[319409, 60196, 69324]",445.000000,1658.726685,3.727476,"[7, 175, 10]"
"[117524, 46745, 631202, 73820]",748.000000,2421.772461,3.237664,"[82, 42, 16, 265]"
"[137720, 209542]",82.000000,222.183548,2.709555,"[41, 16]"
"[43845, 569210, 569211]",225.000000,272.945312,1.213090,"[84, 3, 1]"
"[119322, 296381]",384.000000,1960.382324,5.105162,"[263, 6]"
"[27718, 60401]",932.000000,1961.476685,2.104589,"[246, 149]"
"[53026, 53027]",393.000000,776.746948,1.976455,"[4, 103]"
"[19332, 82846]",697.000000,1969.931641,2.826301,"[239, 14]"
"[105679, 299849]",294.000000,1251.759766,4.257686,"[148, 8]"
"[13901, 271240, 81836]",611.000000,1556.081543,2.546778,"[173, 28, 38]"
"[256978, 42859]",243.000000,714.783997,2.941498,"[12, 80]"
"[191461, 24453]",313.000000,165.751587,1.888368,"[2, 44]"
"[112721, 501551]",33.000000,66.420715,2.012749,"[26, 1]"
"[155340, 52224, 86399]",411.000000,539.401855,1.312413,"[23, 61, 14]"
"[149261, 444388, 792115]",139.000000,392313.343750,2822.398156,"[89, 4, 0]"
"[340316, 88523]",148.000000,605.001953,4.087851,"[10, 57]"
"[27628, 39281, 40861, 52442]",1423.000000,2578.774414,1.812210,"[356, 285, 72, 66]"
"[335974, 431911, 497823]",12.000000,54.358727,4.529894,"[4, 2, 3]"
"[518605, 809634]",80.000000,124637.328125,1557.966602,"[7, 0]"
"[334635, 5955]",3052.000000,2353.423340,1.296834,"[32, 323]"
"[128537, 25495, 66422]",887.000000,2327.441406,2.623947,"[275, 111, 81]"
"[11912, 86940]",1049.000000,2418.172119,2.305217,"[316, 227]"
"[228195, 37173]",194.000000,244.314651,1.259354,"[41, 30]"
"[161835, 24215]",539.000000,1552.532959,2.880395,"[51, 200]"
"[32430, 3399, 57649]",5189.000000,2460.825684,2.108642,"[215, 320, 229]"
"[18496, 212710, 258056, 499880, 535465, 782569, 789197]",67.000000,394002.906250,5880.640392,"[10, 50, 1, 4, 2, 0, 0]"
"[135587, 328638, 356161, 394286, 435994, 580338, 591532, 785284, 786155]",25.000000,346139.312500,13845.572500,"[2, 2, 4, 3, 9, 4, 1, 0, 0]"
"[157994, 446621, 748188, 782307, 783865]",11.000000,184845.875000,16804.170455,"[5, 4, 2, 0, 0]"
"[15457, 117909, 134418, 142625, 258883, 305917, 525026, 782683, 783839]",49.000000,394032.843750,8041.486607,"[2, 1, 13, 21, 7, 2, 2, 0, 0]"
"[199416, 252686, 390692, 516623, 535668, 590073, 785406, 787870]",20.000000,304775.281250,15238.764063,"[5, 4, 2, 5, 2, 2, 0, 0]"
"[145341, 169055, 318507, 347106, 357053, 736888, 781437, 788803]",34.000000,376481.562500,11072.987132,"[2, 19, 7, 2, 2, 1, 0, 0]"
"[229753, 355515, 380088, 463311, 492326, 752416, 786923, 789492]",65.000000,407984.562500,6276.685577,"[5, 4, 48, 4, 2, 1, 0, 0]"
"[79913, 253268, 498494, 783237, 790598]",52.000000,294309.406250,5659.796274,"[2, 45, 5, 0, 0]"
"[351622, 383201, 398280, 522455, 579784, 784763, 790950]",37.000000,347594.468750,9394.445101,"[20, 3, 10, 1, 2, 0, 0]"
"[67079, 69774, 153865, 161312, 194535, 294890, 361753, 711740, 784510, 790474]",398.000000,510499.406250,1282.661825,"[78, 264, 4, 2, 43, 3, 3, 1, 0, 0]"
"[47097, 530743, 554671, 669416, 769085, 784404, 789135]",26.000000,331697.343750,12757.590144,"[15, 4, 2, 4, 1, 0, 0]"
"[15301, 269780, 417802, 517593, 547918, 600041, 612822, 786451, 788488]",272.000000,497115.218750,1827.629481,"[255, 2, 2, 1, 1, 2, 9, 0, 0]"
"[13605, 199003, 256165, 420845, 784903, 786186]",90.000000,385534.906250,4283.721181,"[79, 3, 5, 2, 0, 0]"
"[40169, 160395, 210516, 264857, 355919, 731455, 782627, 789792]",66.000000,406152.812500,6153.830492,"[37, 12, 2, 4, 9, 1, 0, 0]"
"[10844, 168059, 346736, 613419, 782231, 786192]",139.000000,408258.750000,2937.113309,"[128, 4, 4, 3, 0, 0]"
"[3110, 76627, 119358, 187692, 457109, 540023, 541032, 587667, 786144, 789874]",769.000000,542251.437500,705.138410,"[736, 1, 8, 16, 2, 2, 2, 2, 0, 0]"
"[88960, 94210, 141577, 788730, 791272]",66.000000,305781.281250,4633.049716,"[1, 2, 63, 0, 0]"
"[293863, 623157, 660577, 701549, 784712, 786139]",8.000000,214562.671875,26820.333984,"[3, 2, 2, 1, 0, 0]"
"[156707, 535762, 552248, 785806, 787167]",7.000000,156059.671875,22294.238839,"[2, 3, 2, 0, 0]"
"[26, 194308, 343891, 359612, 367046, 613021, 660744, 724063, 782989, 788981]",27.000000,358041.250000,13260.787037,"[11, 6, 1, 2, 2, 3, 1, 1, 0, 0]"
"[70532, 264808, 565266, 572637, 748644, 789815, 791101]",11.000000,272438.375000,24767.125000,"[2, 5, 1, 2, 1, 0, 0]"
"[59675, 77156, 93256, 191749, 425835, 450835, 579129, 775226, 787724, 789875]",44.000000,379900.750000,8634.107955,"[9, 21, 2, 5, 2, 2, 2, 1, 0, 0]"
"[129658, 256981, 321994, 372071, 477423, 514666, 745785, 764912, 786421, 788552]",43.000000,379865.843750,8834.089390,"[4, 16, 2, 10, 4, 5, 1, 1, 0, 0]"
"[69173, 269805, 293836, 353297, 450846, 770223, 784217, 786315]",110.000000,436497.062500,3968.155114,"[78, 5, 23, 2, 1, 1, 0, 0]"
"[40498, 378797, 444626, 639823, 783205, 791266]",11.000000,233914.250000,21264.931818,"[5, 2, 3, 1, 0, 0]"
"[521155, 658420, 750390, 782475, 789865]",8.000000,169666.093750,21208.261719,"[3, 1, 4, 0, 0]"
"[55810, 91276, 91762, 107813, 406669, 454458, 613917, 688227, 782334, 789637]",46.000000,418097.500000,9089.076087,"[3, 29, 4, 2, 2, 2, 2, 2, 0, 0]"
"[145399, 316588, 489051, 618449, 786051, 789034]",118.000000,399990.906250,3389.753443,"[111, 2, 2, 3, 0, 0]"
"[13025, 122231, 148386, 287018, 472830, 514942, 518231, 555299, 784784, 790124]",85.000000,455083.718750,5353.926103,"[4, 67, 4, 3, 1, 2, 1, 3, 0, 0]"
"[84601, 110320, 152491, 502700, 594328, 647182, 781783, 783908]",45.000000,377242.031250,8383.156250,"[14, 22, 3, 2, 2, 1, 0, 0]"
"[289949, 330046, 544141, 784451, 788423]",11.000000,180824.046875,16438.549716,"[4, 5, 2, 0, 0]"
"[30642, 54018, 352649, 393202, 418555, 566515, 651975, 729368, 784576, 790255]",142.000000,459601.562500,3236.630722,"[97, 25, 8, 2, 2, 3, 2, 2, 0, 0]"
"[148224, 323143, 515761, 557895, 783841, 786447]",14.000000,253955.578125,18139.684152,"[2, 3, 7, 2, 0, 0]"
"[344236, 401351, 565417, 782633, 789218]",9.000000,172894.093750,19210.454861,"[3, 4, 2, 0, 0]"
"[31776, 128451, 236423, 259332, 364276, 543087, 648172, 784724, 787143]",207.000000,482011.437500,2328.557669,"[185, 2, 4, 7, 3, 2, 4, 0, 0]"
"[69835, 105478, 130145, 783177, 787319]",96.000000,334966.750000,3489.236979,"[81, 9, 6, 0, 0]"
"[14247, 107738, 613897, 773967, 785590, 788807]",1707.000000,517612.906250,303.229588,"[1604, 100, 2, 1, 0, 0]"
"[32984, 294761, 319533, 351863, 383036, 398496, 406359, 655559, 790314, 791212]",68.000000,436499.281250,6419.107077,"[48, 5, 1, 5, 3, 1, 1, 4, 0, 0]"
"[140542, 448019, 450718, 597838, 781434, 788387]",18.000000,262483.750000,14582.430556,"[7, 6, 2, 3, 0, 0]"
"[167781, 195226, 195681, 295260, 512353, 760032, 789972, 791239]",17.000000,290395.500000,17082.088235,"[4, 1, 4, 3, 2, 2, 0, 0]"
"[266992, 280735, 285919, 385963, 408815, 553095, 781744, 786045]",20.000000,303905.656250,15195.282812,"[2, 3, 4, 2, 6, 3, 0, 0]"
"[12332, 21009, 549183, 784926, 788035]",1174.000000,469169.468750,399.633278,"[66, 1106, 3, 0, 0]"
"[235585, 427964, 572184, 601445, 601894, 604198, 610607, 789536, 789704]",22.000000,356120.656250,16187.302557,"[8, 1, 2, 2, 5, 2, 2, 0, 0]"
"[9841, 180467, 226362, 359072, 788326, 790585]",59.000000,358100.031250,6069.492055,"[52, 2, 2, 3, 0, 0]"
"[131274, 141837, 286986, 458404, 558197, 743439, 762451, 787537, 789019]",33.000000,335651.031250,10171.243371,"[8, 6, 4, 6, 4, 4, 1, 0, 0]"
"[201342, 381143, 709938, 789777, 789985]",5.000000,136891.578125,27378.315625,"[2, 1, 2, 0, 0]"
"[8145, 44352, 152861, 527214, 590382, 658899, 665265, 717154, 788394, 791012]",24.000000,318455.937500,13268.997396,"[3, 4, 3, 2, 2, 5, 2, 2, 0, 0]"
"[141831, 152909, 227867, 249974, 369969, 787003, 787883]",37.000000,348734.593750,9425.259291,"[2, 6, 5, 19, 4, 0, 0]"
"[201355, 282138, 747940, 771369, 784772, 785957]",14.000000,259760.750000,18554.339286,"[2, 8, 3, 1, 0, 0]"
"[20680, 22301, 324648, 480930, 784437, 785460]",233.000000,422421.062500,1812.965933,"[132, 89, 5, 6, 0, 0]"
"[81738, 438879, 490800, 782392, 787031]",51.000000,293393.468750,5752.813113,"[44, 6, 1, 0, 0]"
"[40623, 136838, 502772, 751058, 786309, 788729]",25.000000,287500.343750,11500.013750,"[4, 4, 11, 6, 0, 0]"
"[77682, 121499, 253929, 321629, 499300, 697179, 743353, 788076, 790856]",64.000000,412966.000000,6452.593750,"[7, 47, 3, 2, 1, 2, 2, 0, 0]"
"[7932, 62337, 188275, 270492, 282039, 781862, 789001]",3528.000000,567804.375000,160.942283,"[3436, 69, 2, 20, 1, 0, 0]"
"[140993, 166575, 248936, 404044, 663786, 756565, 784356, 786637]",71.000000,411409.656250,5794.502201,"[50, 8, 4, 5, 2, 1, 0, 0]"
"[325832, 354850, 423476, 713034, 785165, 788718]",12.000000,240404.453125,20033.704427,"[2, 6, 3, 1, 0, 0]"
"[342546, 372276, 455419, 731833, 757626, 783001, 789549]",8.000000,224874.500000,28109.312500,"[2, 1, 2, 2, 1, 0, 0]"
"[355148, 375637, 478996, 489754, 711483, 782635, 782746]",22.000000,323862.281250,14721.012784,"[5, 12, 3, 1, 1, 0, 0]"
"[89318, 379703, 561947, 634669, 671021, 784300, 785501]",37.000000,347245.906250,9385.024493,"[21, 11, 2, 2, 1, 0, 0]"
"[12495, 313546, 348748, 536754, 599079, 646936, 662253, 746507, 783688, 786668]",116.000000,467441.250000,4029.665948,"[94, 7, 1, 2, 3, 2, 4, 1, 0, 0]"
"[68865, 117385, 122289, 539625, 789019, 789970]",33.000000,315953.562500,9574.350379,"[23, 4, 2, 3, 0, 0]"
"[135651, 193445, 256576, 422611, 443832, 505428, 522593, 784373, 789873]",39.000000,388977.093750,9973.771635,"[24, 2, 2, 4, 2, 3, 1, 0, 0]"
"[221693, 405244, 447367, 460551, 647046, 785568, 786004]",24.000000,309312.781250,12888.032552,"[10, 4, 2, 3, 5, 0, 0]"
"[43504, 317511, 328563, 785126, 788178]",235.000000,383730.781250,1632.896941,"[231, 2, 2, 0, 0]"
"[237348, 383950, 446011, 786233, 790196]",12.000000,201961.265625,16830.105469,"[8, 2, 2, 0, 0]"
"[194314, 687797, 697568, 785272, 787685]",7.000000,159025.203125,22717.886161,"[3, 3, 1, 0, 0]"
"[279738, 401319, 522327, 532614, 564072, 638401, 785178, 789011]",18.000000,308917.968750,17162.109375,"[2, 3, 3, 7, 2, 1, 0, 0]"
"[27052, 121064, 455078, 560465, 778169, 781465, 787704]",39.000000,355153.406250,9106.497596,"[7, 24, 3, 4, 1, 0, 0]"
"[52926, 61265, 80548, 420630, 768237, 781626, 790042]",151.000000,429250.406250,2842.717922,"[5, 47, 94, 3, 2, 0, 0]"
"[33131, 92145, 172346, 216223, 227333, 786253, 789251]",2044.000000,549769.000000,268.967221,"[2009, 10, 3, 7, 12, 0, 0]"
"[15839, 491658, 627230, 665503, 784824, 789918]",84.000000,375691.250000,4472.514881,"[79, 2, 1, 1, 0, 0]"
"[96311, 176560, 339790, 353051, 426612, 706293, 786175, 787916]",63.000000,407134.906250,6462.458829,"[43, 7, 9, 2, 1, 1, 0, 0]"
"[6328, 336882, 459887, 477894, 507042, 586666, 664101, 784907, 787357]",79.000000,417568.843750,5285.681566,"[46, 25, 1, 3, 1, 1, 2, 0, 0]"
"[55380, 149584, 363141, 436792, 531208, 733312, 782360, 787436]",31.000000,368138.437500,11875.433468,"[5, 16, 4, 2, 3, 1, 0, 0]"
"[94145, 127245, 168919, 452777, 456015, 503564, 560572, 783060, 789560]",32.000000,340885.093750,10652.659180,"[10, 2, 7, 6, 3, 2, 2, 0, 0]"
"[29551, 71294, 88872, 199483, 397106, 509536, 534290, 790308, 791411]",144.000000,450824.843750,3130.728082,"[83, 1, 51, 2, 1, 2, 3, 0, 0]"
"[274327, 552673, 561583, 720073, 784310, 784818]",25.000000,305661.937500,12226.477500,"[18, 3, 1, 2, 0, 0]"
"[13393, 76704, 323974, 419294, 455810, 789376, 790858]",77.000000,405473.437500,5265.888799,"[59, 9, 3, 3, 2, 0, 0]"
"[149751, 347634, 347914, 484145, 647294, 738420, 781641, 782840]",16.000000,288050.625000,18003.164062,"[4, 2, 2, 2, 3, 1, 0, 0]"
"[76942, 464725, 587197, 635477, 651570, 764744, 771101, 784486, 785524]",13.000000,304998.062500,23461.389423,"[4, 1, 1, 1, 3, 1, 1, 0, 0]"
"[129867, 242717, 260042, 621748, 782206, 783097]",39.000000,326724.781250,8377.558494,"[27, 5, 3, 4, 0, 0]"
"[180570, 559247, 634754, 702891, 786131, 789374]",7.000000,186163.203125,26594.743304,"[2, 2, 2, 1, 0, 0]"
"[117088, 140823, 504672, 527127, 565852, 627532, 632731, 713291, 784206, 786383]",26.000000,365948.062500,14074.925481,"[10, 3, 2, 4, 2, 2, 2, 1, 0, 0]"
"[236748, 248765, 617015, 785231, 785729]",65.000000,300758.125000,4627.048077,"[15, 3, 44, 0, 0]"
"[34818, 122519, 269108, 305078, 354026, 508310, 749072, 782399, 783478]",1035.000000,552359.250000,533.680435,"[996, 13, 8, 3, 10, 2, 3, 0, 0]"
"[532275, 549311, 551160, 585182, 618486, 705246, 786867, 787424]",12.000000,272233.187500,22686.098958,"[2, 2, 3, 1, 1, 2, 0, 0]"
"[82013, 406029, 564073, 786148, 787612]",13.000000,204435.296875,15725.792067,"[8, 3, 2, 0, 0]"
"[2470, 298311, 353617, 783106, 790142]",1772.000000,482821.406250,272.472577,"[1764, 3, 4, 0, 0]"
"[110192, 498068, 709357, 788519, 789777]",22.000000,238669.734375,10848.624290,"[16, 3, 2, 0, 0]"
"[236830, 523643, 558458, 781706, 789913]",11.000000,191205.156250,17382.286932,"[2, 6, 3, 0, 0]"
"[39062, 203066, 235953, 262761, 355258, 540959, 782373, 789632]",148.000000,436528.250000,2949.515203,"[84, 46, 2, 13, 2, 1, 0, 0]"
"[57237, 93299, 169716, 438453, 520218, 641812, 661697, 784269, 785065]",53.000000,398424.781250,7517.448703,"[23, 9, 8, 5, 1, 2, 4, 0, 0]"
"[21565, 53206, 131112, 196827, 498021, 784266, 786456]",67.000000,371791.968750,5549.133862,"[27, 8, 19, 4, 7, 0, 0]"
"[209729, 420379, 487467, 644470, 730028, 786139, 790350]",21.000000,319860.312500,15231.443452,"[12, 2, 3, 2, 2, 0, 0]"
"[282370, 375560, 558409, 787477, 790305]",8.000000,167468.328125,20933.541016,"[4, 3, 1, 0, 0]"
"[154350, 182583, 207057, 242439, 448128, 472615, 756235, 781825, 782436]",33.000000,367058.781250,11122.993371,"[3, 7, 2, 12, 1, 6, 2, 0, 0]"
"[284908, 337247, 630064, 680230, 788346, 790198]",9.000000,210925.750000,23436.194444,"[3, 2, 2, 2, 0, 0]"
"[64957, 551508, 743852, 783563, 784199]",59.000000,305447.812500,5177.081568,"[54, 3, 1, 0, 0]"
"[29171, 140726, 156770, 220866, 495946, 730934, 781533, 787356]",24.000000,335749.656250,13989.569010,"[12, 3, 2, 2, 2, 3, 0, 0]"
"[39517, 65309, 86918, 235297, 319290, 320792, 777483, 787853, 790614]",181.000000,464543.875000,2566.540746,"[94, 2, 68, 5, 4, 7, 1, 0, 0]"
